57
0 2 4 2 2 4 4 2 2 2 4 4 4 5 5 2 4 2 2 4 4 2 2 2 4 4 4 7 7 2 4 2 2 4 4 2 2 2 4 4 4 5 5 2 4 2 2 4 4 2 2 2 4 4 4 9 0
10
1 57
1 56
1 55
2 55
28 55
29 55
2 27
2 12
16 33
39 41
50
4 9 1 0 0 4 7 1 0 2 4 0 7 1 6 6 4 0 0 0 0 0 0 0 0 0 0 0 0 0 0 0 0 0 8 0 6 4 4 4 4 4 4 4 4 4 4 4 4 4
20
1 50
1 5
23 28
26 31
30 42
11 28
4 4
4 9
8 14
9 23
10 21
36 48
3 18
20 35
24 39
9 24
36 40
34 43
31 42
22 36
200
4 9 1 0 0 4 7 1 0 2 4 0 7 1 6 6 4 0 0 0 0 0 0 0 8 0 6 1 2 0 4 4 2 9 0 3 5 6 6 6 6 4 1 0 5 4 6 2 4 7 6 6 0 7 5 8 6 6 6 6 6 6 6 6 4 5 4 0 4 2 7 2 6 3 3 8 8 8 8 8 8 8 4 2 2 0 3 4 4 1 8 4 3 6 0 0 0 5 6 6 9 1 7 2 3 7 5 5 5 3 4 4 4 0 2 8 2 9 5 2 0 9 5 5 6 9 3 6 9 6 7 6 9 9 9 9 6 1 9 4 8 0 3 2 0 3 9 0 5 1 1 0 0 0 0 0 6 0 5 6 7 9 0 1 7 1 4 9 0 4 0 0 0 0 9 0 2 0 3 6 5 3 2 4 2 6 6 8 1 0 0 6 0 8 5 8 3 0 2 9
40
1 200
95 141
25 54
81 102
132 157
79 88
64 84
14 45
145 171
53 60
137 146
111 120
122 157
52 82
117 127
75 114
34 75
65 106
41 82
21 42
85 90
29 38
122 154
125 150
87 124
154 167
5 35
56 56
59 103
141 170
167 189
120 143
62 68
27 40
58 89
92 105
48 62
38 49
120 156
123 161
1000
4 9 1 0 0 4 7 1 0 2 4 0 7 1 6 6 4 0 0 0 0 0 0 0 0 0 0 0 0 0 0 0 0 0 0 0 0 0 0 0 0 0 0 0 0 0 0 0 0 0 0 0 0 0 0 0 0 0 0 0 0 0 0 0 0 0 0 0 0 0 0 0 0 0 0 0 0 0 0 0 0 0 0 0 0 0 0 0 0 0 0 0 0 0 0 0 0 0 0 0 0 0 0 0 0 0 0 0 0 0 0 0 0 0 8 0 6 1 2 0 4 4 2 9 0 3 5 4 8 2 4 1 5 5 5 5 5 5 5 5 5 5 5 5 5 5 5 5 5 5 5 5 5 5 5 5 5 5 5 5 5 5 5 5 5 5 5 5 5 5 5 5 5 5 5 5 5 5 5 5 5 5 5 5 5 5 5 5 6 0 0 0 0 0 0 0 0 0 0 0 0 0 0 0 0 0 0 0 0 0 0 0 0 0 0 0 0 0 0 0 0 0 0 0 0 0 0 0 0 0 0 0 0 0 0 0 0 0 0 0 0 0 0 0 0 0 0 0 0 0 0 0 0 0 0 0 0 0 0 0 0 0 0 0 0 0 0 0 0 0 0 0 0 0 0 0 0 0 0 0 0 0 0 0 0 6 6 0 7 5 8 7 0 5 6 4 5 4 0 4 2 7 2 8 8 8 8 8 8 8 8 8 8 8 8 8 8 8 8 0 6 4 0 0 0 0 0 0 0 0 0 0 0 0 0 0 0 0 0 0 0 0 0 0 0 0 0 3 4 4 1 8 4 3 6 7 3 1 5 6 9 9 9 9 9 9 9 9 9 9 9 9 9 9 9 9 9 9 9 9 9 9 9 9 9 9 9 9 9 9 9 9 9 9 9 9 9 9 9 9 9 9 9 9 9 9 9 9 9 9 9 9 9 9 9 9 9 9 9 9 9 9 9 9 9 9 9 9 9 9 9 9 9 9 9 9 9 7 2 3 7 5 5 5 3 4 4 4 9 1 5 2 8 2 9 6 6 6 6 6 6 6 6 6 6 6 6 6 6 6 6 6 6 6 6 6 6 6 6 6 6 6 6 6 6 6 6 6 6 6 6 6 6 6 6 6 6 6 6 6 6 6 6 6 6 9 5 5 6 9 3 6 4 4 4 4 4 4 4 4 4 4 4 4 4 4 4 4 4 4 4 4 4 4 4 4 4 4 4 4 4 4 4 4 4 4 4 4 4 4 4 4 4 4 4 4 4 4 4 4 4 4 4 4 4 4 4 4 4 4 4 4 4 4 4 4 4 4 4 4 4 4 4 4 4 4 4 4 4 4 4 4 4 4 4 4 4 4 4 6 1 4 2 6 1 9 4 5 5 5 5 5 5 5 5 5 5 5 5 5 5 5 5 5 5 5 5 5 5 5 2 0 3 9 0 5 1 1 5 3 0 6 0 5 6 4 4 4 4 4 4 4 4 4 4 4 4 4 1 7 1 4 9 0 8 8 8 8 8 8 8 8 8 8 8 8 8 8 8 8 8 8 8 8 8 8 8 8 8 8 8 8 8 8 8 8 8 8 8 8 8 8 8 8 8 8 8 8 8 8 8 8 8 8 8 8 8 8 8 2 9 2 2 2 2 2 2 2 2 2 2 2 2 2 2 2 2 2 2 2 2 2 2 2 2 2 2 3 6 5 3 2 4 2 6 6 8 1 3 2 2 2 2 2 2 2 2 2 2 0 8 5 8 3 0 2 9 0 8 8 8 8 8 8 8 8 8 8 8 8 8 8 8 8 8 8 8 8 8 8 8 8 8 8 8 8 8 8 8 8 8 8 8 8 8 8 8 8 8 8 8 8 8 8 8 8 8 8 8 8 8 8 8 8 8 8 8 8 8 8 8 8 8 8 8 4 7 6 4 0 2 7 2 0 0 0 0 0 0 0 0 0 0 0 0 0 0 0 0 0 0 0 0 0 0 0 0 0 0 0 0 0 0 0 0 0 0 0 0 0 0 0 0 0 0 0 0 0 0 0 0 0 0 0 0 0 0 0 0 0 0 0 0 0 0 0 0 0 0 0 0 0 0 0 0 0 0 0 0 0 0 0 0 0 0 0 0 0 0 0 0 0 0 8 3 6 7 1 5 9 9 9 9 9 9 9 9 9 9 9 9 9 9 9 9 9 9 9 9 9 9 9 9 9 9 9 9 9 9 9 9 9 9 9 9 9 9 9 9 9 9 9 9 9 9 9 9 9 9 5
200
1 1000
341 351
540 629
810 851
334 375
332 373
885 956
188 243
26 85
38 120
7 82
908 995
934 997
425 505
808 808
893 937
574 653
585 657
795 818
848 904
772 835
270 351
297 310
712 726
935 996
160 196
283 321
156 223
376 462
716 793
527 536
430 515
761 825
594 683
117 158
240 295
233 307
547 577
662 751
939 997
124 179
73 106
732 766
900 902
917 948
543 598
184 264
216 231
517 565
605 700
550 611
260 297
804 859
857 907
599 664
190 266
461 558
927 975
749 816
655 711
742 836
215 244
550 628
662 729
122 175
68 77
853 854
171 201
643 720
775 855
380 452
356 435
413 447
281 351
291 331
593 647
917 967
609 704
384 455
774 841
154 235
34 122
887 972
279 301
239 301
616 685
202 215
378 422
641 736
199 260
825 919
223 306
740 741
827 853
857 888
829 871
588 613
459 465
474 513
936 938
870 922
558 605
804 865
371 413
872 940
596 663
430 471
123 214
559 656
936 941
448 545
779 852
147 176
839 849
803 897
651 696
294 302
565 586
319 411
356 393
379 400
381 393
874 935
569 592
327 338
856 884
883 965
390 464
761 818
150 179
92 137
139 198
395 441
145 152
174 260
73 130
516 562
149 207
760 798
778 860
100 167
325 328
228 258
104 124
626 718
246 247
176 205
893 974
300 366
253 254
41 63
328 351
556 642
484 539
893 952
324 324
81 89
252 267
227 288
58 137
241 313
250 295
316 402
618 624
46 137
423 503
363 384
69 87
627 633
278 300
613 626
144 150
777 781
621 680
73 168
513 561
602 689
338 360
119 174
950 976
341 436
484 512
568 572
352 438
388 442
232 328
277 306
902 925
450 483
16 27
753 773
435 521
274 288
371 377
749 767
104 198
500 504
168 243
745 773
324 392
