6
6
5
4
4
4
3
2
3
1
8
4
1
1
4
5
1
4
5
6
6
3
6
2
4
6
3
4
4
2
10
10
10
9
9
5
8
9
8
5
8
6
10
8
6
10
10
10
9
9
5
7
10
10
10
7
8
1
10
10
9
10
4
8
8
9
7
6
10
10
10
4
6
6
9
9
8
3
1
5
6
8
8
9
1
1
8
8
1
5
6
9
6
3
8
3
7
3
9
9
1
9
6
10
9
5
7
1
8
8
8
1
7
1
6
1
3
1
1
10
6
6
6
1
9
1
5
8
9
6
9
1
6
5
8
1
2
3
9
7
7
6
6
9
7
8
8
10
8
5
3
6
8
7
7
10
1
1
9
1
6
7
1
6
1
6
6
1
5
1
1
4
6
1
1
9
9
9
8
1
8
6
1
4
6
6
6
1
9
6
1
1
1
1
1
1
8
9
6
1
9
3
4
1
3
9
1
3
6
6
9
1
1
7
10
1
3
8
10
1
1
4
8
5
8
1
1
1
2
9
7
5
9
1
9
9
1
1
4
6
1
1
3
10
9
1
10
8
8
1
9
4
1
8
5
7
7
1
6
3
8
9
2
1
7
9
1
3
8
9
