5 15
1
2
3
4
5
5 13
1
2
3
4
5
5 11
1
2
3
4
5
5 9
1
2
3
4
5
5 7
1
2
3
4
5
4 15
3
5
7
11
5 12
6
7
7
1
7
40 0
17
17
17
17
17
17
17
17
17
17
17
17
17
17
17
17
17
17
17
17
17
17
17
23
23
23
23
23
23
23
23
23
23
23
23
23
23
23
23
23
39 17
17
17
17
17
17
17
17
17
17
17
17
17
17
17
17
17
17
17
17
17
17
17
23
23
23
23
23
23
23
23
23
23
23
23
23
23
23
23
23
10 55
1
2
3
4
5
6
7
8
9
10
10 53
1
2
3
4
5
6
7
8
9
10
10 51
1
2
3
4
5
6
7
8
9
10
10 49
1
2
3
4
5
6
7
8
9
10
10 47
1
2
3
4
5
6
7
8
9
10
10 45
1
2
3
4
5
6
7
8
9
10
10 43
1
2
3
4
5
6
7
8
9
10
10 41
1
2
3
4
5
6
7
8
9
10
10 39
1
2
3
4
5
6
7
8
9
10
10 37
1
2
3
4
5
6
7
8
9
10
10 35
1
2
3
4
5
6
7
8
9
10
10 33
1
2
3
4
5
6
7
8
9
10
10 31
1
2
3
4
5
6
7
8
9
10
10 29
1
2
3
4
5
6
7
8
9
10
10 27
1
2
3
4
5
6
7
8
9
10
10 25
1
2
3
4
5
6
7
8
9
10
10 23
1
2
3
4
5
6
7
8
9
10
10 21
1
2
3
4
5
6
7
8
9
10
10 19
1
2
3
4
5
6
7
8
9
10
10 17
1
2
3
4
5
6
7
8
9
10
10 15
1
2
3
4
5
6
7
8
9
10
10 13
1
2
3
4
5
6
7
8
9
10
10 11
1
2
3
4
5
6
7
8
9
10
10 9
1
2
3
4
5
6
7
8
9
10
10 7
1
2
3
4
5
6
7
8
9
10
10 5
1
2
3
4
5
6
7
8
9
10
10 3
1
2
3
4
5
6
7
8
9
10
10 1
1
2
3
4
5
6
7
8
9
10
10 2389
840
780
180
540
60
445
60
60
180
756
10 4201
96
720
120
720
820
420
240
180
780
465
10 3529
600
660
240
300
525
516
760
240
660
60
10 1061
585
100
420
600
636
660
360
60
600
240
10 2761
600
120
940
60
180
480
561
780
120
120
10 1231
945
840
840
160
180
360
360
660
756
300
10 4861
780
60
460
936
120
900
240
600
840
405
10 1499
540
840
816
540
600
300
840
180
300
145
10 3041
660
660
520
105
780
840
840
600
96
180
10 2821
300
420
780
840
300
105
60
180
936
340
10 1301
240
240
340
900
60
885
600
936
360
420
10 2071
780
60
600
60
645
300
540
456
300
220
10 2281
300
600
456
300
840
645
360
300
640
720
10 2551
180
780
756
180
540
705
640
360
900
840
10 1129
480
540
120
240
780
520
180
756
840
825
10 4861
540
840
105
600
940
240
120
480
696
300
10 4141
120
760
180
396
405
180
900
180
420
600
10 4549
180
760
840
900
456
345
420
780
300
480
10 3661
216
720
480
465
480
60
840
180
360
220
10 1261
240
120
780
420
205
600
360
876
120
180
10 3541
900
165
360
360
576
220
120
360
720
480
10 3061
700
240
480
600
780
576
60
240
180
405
10 2029
720
300
876
480
840
405
240
480
760
600
10 821
516
300
300
765
720
480
940
540
60
120
10 1561
696
420
520
720
585
300
360
840
540
540
10 2651
540
456
780
360
840
480
300
405
60
760
10 3581
900
900
360
540
216
420
900
945
160
360
10 4561
780
540
705
900
480
160
420
180
756
360
10 5341
240
340
720
525
720
480
780
600
840
96
10 1849
180
480
300
480
360
660
576
565
540
60
10 4621
60
780
400
696
180
720
165
720
600
420
10 2701
180
360
180
240
201
300
640
300
120
900
10 1649
540
165
436
120
240
900
60
660
840
240
10 3721
360
900
300
405
60
120
840
736
60
660
10 1201
100
480
276
180
840
360
780
600
465
360
10 3331
780
636
120
660
540
180
420
300
465
160
10 2461
600
676
780
780
120
165
300
660
720
660
10 841
120
120
600
696
420
720
385
780
900
540
10 4369
276
720
720
445
660
240
60
420
780
600
10 3941
600
240
540
276
660
520
885
900
600
240
10 1111
516
240
420
120
645
900
360
840
220
60
10 2341
360
300
360
400
285
240
120
840
900
216
10 5561
540
900
420
900
840
585
180
780
220
636
10 4501
840
600
120
336
120
585
300
880
660
60
10 3119
660
945
360
840
840
840
420
520
96
720
10 3679
540
141
120
600
60
540
820
480
300
360
10 1831
765
180
300
120
100
240
540
780
156
180
10 4861
540
400
780
540
600
540
120
336
240
765
10 4261
660
600
900
336
880
120
420
480
225
840
10 1501
345
480
180
940
300
480
396
480
720
180
10 -11
2
2
9
4
5
3
4
3
5
7
10 15
2
6
1
10
7
8
10
9
8
3
10 -12
8
7
6
2
2
2
8
7
10
9
10 -39
2
9
2
5
2
8
1
3
3
6
10 -37
9
1
5
8
2
3
4
9
5
3
10 1
7
2
2
9
2
9
4
1
10
7
10 72
4
1
2
10
3
1
1
7
10
8
10 60
6
10
4
6
1
8
3
8
4
10
10 86
6
10
4
5
6
9
10
3
6
10
10 -47
9
8
4
5
9
8
1
4
9
6
10 -93
2
3
9
6
2
7
8
5
9
4
10 -28
9
3
2
3
10
4
9
7
4
7
10 52
2
8
8
8
3
8
1
2
6
1
10 -95
10
6
9
7
5
8
6
6
2
5
10 35
7
2
1
5
8
5
6
9
4
4
10 -57
3
8
10
6
10
4
1
1
8
1
10 -74
6
1
10
9
4
1
3
1
3
7
10 81
3
7
10
10
3
2
9
2
3
9
10 24
9
3
8
5
7
8
5
5
8
6
10 -42
6
8
10
7
2
3
8
2
9
3
10 -80
5
1
8
10
1
1
2
4
10
8
10 4
7
8
5
9
3
6
2
2
10
10
10 -18
10
8
6
10
6
2
6
8
8
6
10 10
3
4
6
6
8
6
8
3
8
7
10 38
4
2
7
10
7
2
4
2
3
9
10 -44
5
5
8
5
6
7
10
8
7
3
10 67
8
2
7
7
3
10
6
8
9
10
10 44
6
9
2
3
10
7
6
4
4
1
10 -2
3
7
4
8
5
9
5
8
1
7
10 -87
10
6
3
2
10
5
7
2
1
3
10 86
2
5
5
6
7
2
5
3
5
7
10 -49
5
10
3
10
3
6
7
9
8
5
10 18
8
1
10
3
10
2
5
8
6
4
10 -48
7
8
7
6
4
6
6
10
6
10
10 100
9
3
10
6
9
7
7
7
1
4
10 -61
6
4
1
8
4
10
8
10
2
9
10 -98
7
1
4
10
7
3
4
5
7
3
10 -18
6
5
10
3
9
6
6
10
8
10
10 61
8
3
6
6
5
9
6
8
10
7
10 16
3
10
10
9
10
9
4
8
4
2
10 19
3
4
4
6
9
10
4
4
8
8
10 15
9
3
10
10
6
3
10
2
10
6
10 54
7
2
6
2
10
4
3
3
2
10
10 -18
3
2
8
8
1
5
5
9
3
8
10 -68
7
2
7
5
6
3
1
7
5
5
10 -1
10
8
9
4
5
10
6
1
8
6
10 -89
9
10
1
9
9
10
5
6
1
3
10 -75
7
10
5
10
9
8
2
9
7
6
10 -65
7
8
2
2
7
7
5
3
3
1
10 75
8
4
4
6
8
2
7
3
10
3
2 1081
220
861
2 721
525
196
3 901
865
180
216
3 -701
220
360
561
4 341
465
60
696
880
4 2041
156
805
780
300
5 871
720
60
600
825
316
5 -521
120
405
880
420
696
6 1321
600
60
480
396
825
160
6 961
660
840
400
516
300
165
7 3421
540
720
300
645
600
336
280
7 3961
636
180
720
720
780
540
745
8 1381
60
540
801
360
240
660
460
660
8 2401
120
780
840
300
456
180
385
900
9 3301
720
420
480
621
300
60
840
160
540
9 1
60
660
301
120
180
900
240
720
660
10 2821
60
360
360
240
780
96
900
925
360
540
10 6601
921
840
660
660
780
700
540
420
360
720
11 2401
60
945
360
780
420
120
276
220
300
900
300
11 3091
600
885
540
540
540
576
300
480
160
480
840
12 4141
360
360
681
480
240
100
540
780
240
720
540
420
12 2089
180
720
120
120
300
300
885
540
820
756
120
780
13 4021
720
100
720
360
765
720
756
240
60
420
240
480
600
13 3341
720
180
420
816
720
540
60
165
780
540
700
420
720
14 3349
820
480
165
180
840
756
540
840
360
780
300
180
420
720
14 4501
936
300
120
840
120
585
480
660
540
300
520
300
120
600
15 7921
840
840
180
720
720
600
420
436
840
420
105
480
660
660
840
15 4201
600
360
660
360
720
625
300
120
600
60
60
840
540
60
816
16 5041
480
720
636
220
720
360
840
180
660
660
180
300
60
600
405
60
16 5521
240
60
840
300
576
600
120
900
285
120
780
600
280
840
780
120
17 5569
300
840
780
180
120
300
600
840
765
780
720
180
780
816
520
180
540
17 6811
60
720
480
840
400
540
180
180
156
780
120
525
840
720
840
120
360
18 6031
180
480
945
240
696
480
660
840
600
300
660
480
660
720
900
580
120
300
18 6361
780
720
600
660
540
285
420
420
900
120
660
340
780
540
540
336
120
240
19 2771
360
420
240
540
340
300
660
120
60
720
360
720
720
705
540
96
780
180
360
19 6049
540
480
900
660
96
720
900
480
480
420
220
540
780
120
600
300
300
840
585
20 6781
720
300
540
60
240
420
360
240
480
220
600
885
936
600
900
780
60
600
60
60
20 5101
120
780
840
660
540
780
156
600
240
780
480
825
940
300
780
660
900
180
540
240
21 4441
600
120
280
360
420
705
180
60
600
60
456
540
180
540
660
540
240
540
900
60
240
21 4121
540
420
780
480
60
600
240
840
300
540
160
600
900
600
120
156
285
840
180
540
660
22 6331
780
420
180
840
180
600
696
120
525
840
780
460
240
180
180
240
900
420
120
60
360
180
22 5701
420
900
636
540
300
780
660
600
720
720
60
900
120
180
300
100
60
480
180
600
780
105
23 6229
360
340
780
420
300
780
720
660
840
600
300
240
900
720
300
720
300
465
240
720
660
696
480
23 6061
480
720
240
780
240
660
900
780
720
780
645
780
720
480
520
180
60
216
420
360
840
480
660
24 8921
300
945
240
600
480
780
60
600
900
216
540
900
120
900
900
120
780
480
720
480
480
240
640
540
24 8521
600
600
105
600
540
780
696
360
420
180
180
660
60
720
600
240
480
280
540
420
300
240
660
420
25 8761
420
480
105
660
540
900
900
780
240
780
420
60
576
180
660
900
300
300
240
600
300
360
180
360
760
25 7921
600
360
120
780
480
696
60
240
360
420
900
180
480
180
720
525
660
420
600
280
600
780
600
360
840
26 4369
520
240
480
120
120
936
300
420
120
660
780
180
360
900
300
120
780
480
780
60
600
120
660
540
585
600
26 7291
780
480
60
60
540
480
240
660
60
480
480
936
285
900
360
520
600
240
540
840
600
420
900
420
300
120
27 9181
780
840
120
660
420
780
660
700
840
600
300
840
816
840
780
300
360
120
900
345
660
840
300
60
840
900
780
27 6041
580
900
120
300
336
840
660
900
360
600
180
120
60
60
540
240
660
720
240
420
720
360
540
585
240
420
420
28 5551
420
240
540
180
360
120
420
420
60
540
720
900
420
240
540
420
420
156
900
360
780
240
580
60
240
105
180
240
28 12121
120
180
300
720
540
240
240
180
840
600
780
600
660
780
660
720
540
900
660
780
720
180
700
216
360
420
780
825
29 7601
825
720
300
120
60
180
360
180
480
100
720
780
600
480
480
180
276
120
780
300
240
720
180
780
300
480
480
600
300
29 10921
300
240
885
360
240
360
600
360
120
660
240
720
480
900
900
840
816
480
240
840
600
840
420
600
300
420
360
840
520
30 9649
420
180
600
240
780
900
420
420
300
600
120
480
700
780
840
780
900
360
600
180
720
525
600
840
876
840
120
660
300
120
30 7729
600
900
900
420
840
720
300
540
405
60
516
540
420
420
180
660
600
300
120
600
300
300
300
420
300
180
420
360
700
360
31 10061
180
720
840
720
300
900
60
120
900
60
60
540
300
700
600
120
300
780
360
660
120
120
720
480
900
456
885
480
180
180
240
31 8041
60
720
840
300
180
600
600
720
420
300
900
360
300
660
540
180
420
60
360
780
600
660
865
360
516
60
480
120
900
60
480
32 9241
525
60
900
60
720
900
640
540
900
480
660
180
600
240
720
720
360
300
600
240
300
600
480
636
420
60
60
600
600
240
480
780
32 7781
600
900
480
120
940
696
840
900
120
540
120
885
600
480
120
120
300
180
600
540
180
300
60
660
660
720
240
300
600
600
600
180
33 9221
120
660
840
285
600
120
240
240
180
780
900
840
720
780
480
240
96
240
180
360
120
540
60
840
540
600
180
300
180
480
180
120
220
33 6301
660
480
60
420
720
540
120
240
480
660
840
600
660
141
780
180
60
540
180
900
420
540
120
420
240
540
600
220
780
780
180
720
480
34 10849
816
60
480
60
720
300
720
640
420
480
840
780
420
300
360
540
480
60
105
60
480
240
480
900
300
120
780
120
120
900
720
360
600
600
34 8161
525
300
840
600
420
720
780
780
600
780
180
180
60
60
360
276
240
120
60
780
660
720
660
660
340
240
180
720
780
180
60
180
780
180
35 10729
360
540
540
240
420
900
360
60
340
300
240
900
480
120
240
540
600
216
600
780
405
720
720
840
600
180
180
900
480
900
240
120
420
720
240
35 15541
780
60
285
300
420
180
780
480
720
660
900
640
540
660
240
900
720
60
720
120
840
816
480
600
480
540
600
540
480
60
660
720
600
300
60
36 10801
900
420
180
300
300
180
840
420
60
60
120
280
816
540
765
720
240
120
480
180
600
360
60
660
180
540
900
840
900
300
600
360
180
300
720
420
36 11621
180
780
840
340
600
420
60
420
660
780
720
600
180
360
240
600
345
420
60
360
60
660
720
180
240
540
900
600
240
840
840
720
696
540
60
420
37 10441
360
180
300
360
780
300
660
60
480
720
900
600
300
300
900
180
300
120
720
165
480
60
576
480
240
840
60
360
280
780
420
360
420
660
480
120
660
37 11701
300
420
180
360
120
780
480
876
420
240
840
480
660
240
120
540
120
780
660
660
180
180
120
360
420
540
100
540
720
525
360
300
900
660
780
720
420
38 12721
780
780
720
480
480
240
120
216
420
180
600
480
840
780
300
420
480
585
120
900
480
660
900
360
120
360
720
900
480
420
600
240
240
660
160
120
840
660
38 11641
420
540
900
60
720
900
780
300
900
420
420
240
660
360
660
300
660
720
540
180
160
336
300
600
360
540
225
480
840
540
540
840
720
900
900
300
480
660
39 11461
540
936
600
420
480
660
660
60
720
900
540
60
100
540
240
840
660
60
780
780
60
900
360
240
660
840
180
660
240
180
420
120
900
840
360
240
780
285
420
39 14621
660
360
780
940
540
360
540
840
936
540
600
720
780
720
120
240
540
300
420
840
480
600
420
180
840
900
780
600
765
300
780
600
420
360
660
420
540
120
120
40 12331
60
840
900
540
336
720
180
60
780
120
540
780
60
600
300
540
360
280
900
900
720
345
300
600
540
420
780
600
240
720
900
600
180
780
480
180
720
600
60
780
40 13501
540
360
900
780
360
340
780
660
720
900
600
480
660
720
720
120
240
480
840
840
645
720
480
60
540
540
180
876
60
240
120
900
840
540
900
240
780
900
60
360
0 0
