241
15
103
72
262
44
9
49
93
189
35
22
14
243
12
25
47
37
23
20
15
40
23
63
22
40
48
27
40
103
23
9
44
19
178
34
43
45
12
46
207
17
13
23
134
55
29
24
2
12
12
46
19
49
25
15
44
31
5
6
31
25
36
62
47
89
47
72
15
39
78
59
18
178
2
14
12
69
156
57
8
31
54
56
65
36
55
5
44
24
6
68
64
180
51
64
94
9
215
21
54
66
20
182
148
71
33
31
55
49
51
45
95
34
49
75
51
14
40
41
197
57
24
31
174
2
18
47
27
12
33
57
17
17
36
12
184
63
111
128
24
5
35
23
21
124
21
34
5
71
2
23
9
171
38
16
25
57
15
5
23
72
5
106
34
56
204
49
41
53
7
40
38
14
10
52
71
43
20
25
65
214
18
100
9
15
36
225
41
13
52
13
339
73
67
32
63
68
39
191
43
32
11
85
34
50
28
97
176
16
135
40
32
18
5
81
13
5
5
273
14
14
16
34
52
15
26
188
80
17
33
157
14
16
159
2
90
29
5
10
65
89
16
115
22
10
195
94
2
88
82
2
230
5
107
34
