4
36
20
2
6
5
19
21
7
9
18
22
14
18
0
8
16
18
7
9
5
3
24
5
7
9
0
0
16
17
28
0
2
27
35
0
13
3
23
-2
22
0
5
11
3
21
21
17
8
-4
12
0
4
5
-4
19
13
5
15
7
15
37
1
17
3
0
31
2
15
21
-4
21
25
13
22
11
3
32
14
6
5
3
11
7
1
32
6
32
7
9
7
8
25
26
9
17
27
9
4
15
5
14
9
9
3
17
3
19
24
12
25
7
20
20
7
39
9
3
8
0
4
9
16
12
14
4
14
14
4
3
11
1
15
2
11
9
27
8
24
2
24
6
3
24
22
33
28
9
8
9
4
15
7
2
15
2
7
15
5
14
15
20
5
14
20
12
29
10
19
29
1
13
16
16
-9
6
2
18
15
26
11
-10
24
18
3
10
0
13
8
-3
12
18
8
25
7
20
9
11
12
32
0
9
6
2
3
5
14
18
30
20
23
26
30
25
4
5
13
10
2
9
25
34
16
2
9
0
6
1
7
21
27
21
23
30
0
15
15
27
21
22
13
13
24
11
24
29
-2
21
6
0
20
19
7
0
5
3
20
8
18
5
2
0
30
-3
9
2
21
7
20
14
31
6
27
22
8
27
38
8
11
22
10
18
31
8
17
14
6
6
16
0
17
0
29
15
12
0
25
4
8
7
1
-14
5
0
26
12
21
7
4
25
11
0
31
40
22
11
31
15
21
14
24
5
2
1
9
3
22
1
18
40
5
16
12
8
8
4
6
2
4
9
-13
19
16
24
25
34
4
9
19
42
8
6
1
1
10
10
34
6
16
12
7
11
15
26
2
0
10
0
10
-4
27
31
20
9
9
29
15
5
35
12
9
24
-3
7
28
20
2
20
7
9
-1
3
25
7
24
14
11
22
2
25
4
13
4
7
25
6
7
4
5
9
26
18
8
8
2
8
-3
6
10
24
13
2
2
7
20
1
11
10
6
7
17
9
0
6
1
9
18
33
16
15
14
14
9
2
10
7
8
0
13
20
2
8
14
25
6
6
13
3
2
12
-4
8
12
10
18
3
15
16
2
13
14
0
8
0
3
0
15
20
34
-14
18
6
9
30
2
7
12
17
3
2
14
8
18
3
6
6
1
22
39
4
8
3
19
2
2
11
14
22
19
0
5
7
4
13
9
3
9
10
2
-4
19
12
1
5
19
0
21
6
14
16
31
16
1
7
16
20
15
8
3
8
7
15
1
32
12
9
6
8
25
22
2
9
-2
0
13
8
25
4
-5
22
2
8
7
12
2
28
12
10
9
2
25
2
10
6
10
5
10
21
10
4
9
25
7
3
13
16
23
6
6
13
3
13
6
7
1
5
9
7
17
14
9
10
14
16
5
24
3
8
2
6
0
19
11
16
33
0
8
4
11
13
21
13
21
25
6
7
1
3
3
4
17
2
7
9
24
12
31
33
1
13
1
14
1
6
5
0
24
22
6
5
25
-1
9
18
29
35
-5
5
14
22
15
4
27
19
3
6
